Data/MAP.asc
NCOLS 137 
NROWS 385 
XLLCORNER 30.8916666666667 
YLLCORNER -25.5333333333333 
CELLSIZE 0.00833333333333286 
NODATA_value -1.7e+308 
[rows 99 to 131 of 385, columns 0 to 73 of 137]
-1.7e+308 -1.7e+308 -1.7e+308 -1.7e+308 -1.7e+308 559 559 561 569 561 553 555 552 543 542 540 545 535 540 542 540 534 526 526 522 515 511 510 503 501 499 496 495 494 488 492 492 483 486 489 482 477 479 477 474 471 464 465 458 457 457 456 454 448 446 446 447 445 445 450 451 446 446 445 444 439 437 430 429 426 426 426 425 425
-1.7e+308 -1.7e+308 -1.7e+308 -1.7e+308 -1.7e+308 -1.7e+308 559 550 553 556 547 548 543 549 543 535 533 532 539 538 534 534 520 518 519 515 512 509 509 507 506 503 501 498 498 499 491 486 498 498 485 486 481 478 475 473 471 467 458 456 455 454 453 451 450 450 450 452 450 451 452 450 448 444 444 440 439 431 430 427 426 425 425 424
-1.7e+308 -1.7e+308 -1.7e+308 -1.7e+308 -1.7e+308 -1.7e+308 551 552 545 543 541 539 537 539 536 533 529 529 527 527 530 530 523 518 514 511 506 498 497 499 501 501 503 506 503 503 496 493 500 497 490 486 480 476 471 467 464 461 459 459 455 455 452 451 451 453 455 454 454 454 453 451 450 446 445 443 439 437 433 431 429 428 428 423
-1.7e+308 -1.7e+308 -1.7e+308 -1.7e+308 -1.7e+308 -1.7e+308 552 556 548 546 550 542 541 542 535 531 532 522 520 517 519 529 527 518 511 506 500 503 494 495 493 497 499 507 501 506 501 497 496 493 486 481 479 474 474 469 463 462 461 459 460 454 454 457 454 455 456 456 455 457 455 454 453 448 446 444 443 443 443 440 435 434 428 425
-1.7e+308 -1.7e+308 -1.7e+308 -1.7e+308 -1.7e+308 -1.7e+308 -1.7e+308 556 552 549 550 547 546 534 532 529 529 525 529 522 515 522 526 516 509 502 502 506 502 496 493 490 489 499 502 490 496 497 490 484 482 483 473 474 466 464 463 462 468 462 460 458 458 460 463 460 459 459 459 458 458 455 454 451 446 447 444 443 440 437 434 433 429 427
-1.7e+308 -1.7e+308 -1.7e+308 -1.7e+308 -1.7e+308 -1.7e+308 -1.7e+308 565 555 557 549 544 543 534 538 532 529 525 532 529 514 514 522 514 505 506 505 509 506 507 505 494 487 494 495 487 489 491 496 483 478 483 483 468 467 466 469 465 468 463 461 461 462 465 463 464 465 465 463 463 461 458 455 453 451 449 446 443 440 438 435 433 436 431
-1.7e+308 -1.7e+308 -1.7e+308 -1.7e+308 -1.7e+308 -1.7e+308 -1.7e+308 568 561 556 549 549 542 539 548 538 538 536 529 525 526 518 509 509 506 511 515 513 507 505 503 496 485 486 483 482 484 487 494 486 480 472 472 470 470 472 473 469 471 472 462 466 469 468 467 468 467 467 466 465 463 460 457 455 453 449 445 444 444 439 438 438 438 439
-1.7e+308 -1.7e+308 -1.7e+308 -1.7e+308 -1.7e+308 -1.7e+308 -1.7e+308 -1.7e+308 557 556 549 550 542 544 550 544 540 532 529 530 526 526 512 507 514 515 514 511 507 499 495 489 491 498 487 486 481 482 483 487 476 474 472 471 473 473 474 471 477 470 466 465 470 471 471 471 468 468 468 467 467 461 459 458 454 450 448 445 444 442 443 442 436 434
-1.7e+308 -1.7e+308 -1.7e+308 -1.7e+308 -1.7e+308 -1.7e+308 -1.7e+308 -1.7e+308 560 557 557 553 545 552 552 548 538 535 533 536 530 529 521 522 519 510 509 504 500 495 495 495 498 503 498 492 485 478 479 480 486 481 478 477 477 477 479 474 478 477 470 469 470 475 472 471 472 472 470 470 467 465 463 458 456 453 450 448 447 446 442 442 438 434
-1.7e+308 -1.7e+308 -1.7e+308 -1.7e+308 -1.7e+308 -1.7e+308 -1.7e+308 -1.7e+308 563 566 562 551 552 556 552 546 539 535 540 546 537 529 522 515 510 506 502 501 497 495 504 508 499 506 502 493 491 481 480 481 485 479 485 483 482 481 482 481 484 480 474 471 474 478 478 477 476 475 472 470 468 466 465 461 459 456 454 449 447 447 442 439 438 435
-1.7e+308 -1.7e+308 -1.7e+308 -1.7e+308 -1.7e+308 -1.7e+308 -1.7e+308 -1.7e+308 -1.7e+308 569 559 552 557 558 554 547 541 548 544 540 532 529 518 517 513 511 508 508 500 506 509 508 506 503 498 488 485 483 487 488 487 485 491 487 485 486 485 486 486 483 475 473 476 479 482 480 479 476 474 473 470 468 465 463 462 458 454 450 449 445 442 440 438 438
-1.7e+308 -1.7e+308 -1.7e+308 -1.7e+308 -1.7e+308 -1.7e+308 -1.7e+308 -1.7e+308 -1.7e+308 569 562 558 561 556 552 549 550 546 540 532 528 524 524 523 519 513 512 507 506 507 509 513 509 505 495 496 498 489 491 495 485 490 494 493 494 496 494 490 486 481 479 479 480 483 485 483 479 477 476 473 470 470 467 463 462 458 454 450 449 446 445 441 440 439
-1.7e+308 -1.7e+308 -1.7e+308 -1.7e+308 -1.7e+308 -1.7e+308 -1.7e+308 -1.7e+308 -1.7e+308 -1.7e+308 568 567 560 552 549 547 541 541 530 531 528 532 528 526 519 516 510 509 512 510 513 516 506 500 499 503 500 493 499 490 489 489 492 495 497 504 495 491 485 485 484 482 482 484 485 486 484 481 478 474 471 470 467 463 462 457 454 450 449 447 445 445 443 443
-1.7e+308 -1.7e+308 -1.7e+308 -1.7e+308 -1.7e+308 -1.7e+308 -1.7e+308 -1.7e+308 -1.7e+308 -1.7e+308 563 566 557 551 549 548 537 534 538 538 534 538 530 526 522 516 512 516 521 517 515 510 505 502 502 507 505 502 494 501 497 499 496 494 497 504 496 494 488 493 490 484 483 487 486 486 485 481 478 474 471 470 466 462 461 461 453 452 450 448 446 446 446 446
-1.7e+308 -1.7e+308 -1.7e+308 -1.7e+308 -1.7e+308 -1.7e+308 -1.7e+308 -1.7e+308 -1.7e+308 -1.7e+308 563 561 555 549 548 544 545 543 543 545 545 543 535 528 523 516 516 523 522 520 515 508 505 505 510 506 510 504 497 499 500 502 501 502 502 505 498 493 492 496 493 488 487 488 490 488 482 478 475 474 472 471 466 464 463 461 460 456 453 452 450 451 447 447
-1.7e+308 -1.7e+308 -1.7e+308 -1.7e+308 -1.7e+308 -1.7e+308 -1.7e+308 -1.7e+308 -1.7e+308 -1.7e+308 -1.7e+308 560 558 555 554 550 548 543 539 541 537 541 540 531 523 523 522 526 529 520 511 512 510 513 515 511 506 501 497 505 503 506 507 507 510 509 500 495 496 497 494 492 490 493 491 486 481 477 475 472 471 470 466 465 464 462 461 459 456 456 454 454 453 451
-1.7e+308 -1.7e+308 -1.7e+308 -1.7e+308 -1.7e+308 -1.7e+308 -1.7e+308 -1.7e+308 -1.7e+308 -1.7e+308 -1.7e+308 562 559 555 553 548 541 539 536 535 538 538 537 537 528 527 529 533 527 518 514 521 522 520 520 511 508 506 507 504 504 505 506 510 512 508 501 500 500 501 497 495 493 493 492 487 485 480 476 473 472 469 469 466 465 464 463 460 459 459 459 455 453 451
-1.7e+308 -1.7e+308 -1.7e+308 -1.7e+308 -1.7e+308 -1.7e+308 -1.7e+308 -1.7e+308 -1.7e+308 -1.7e+308 -1.7e+308 563 559 555 549 546 541 541 540 532 532 537 531 535 532 535 542 538 527 524 520 523 527 520 515 510 507 509 510 509 508 509 509 510 517 508 507 510 505 511 503 497 495 494 492 487 486 483 481 475 475 474 471 469 466 465 463 464 464 462 461 459 454 454
-1.7e+308 -1.7e+308 -1.7e+308 -1.7e+308 -1.7e+308 -1.7e+308 -1.7e+308 -1.7e+308 -1.7e+308 -1.7e+308 -1.7e+308 -1.7e+308 562 553 551 546 540 539 536 529 529 531 530 534 537 539 544 543 532 530 525 530 524 520 515 513 510 511 513 511 512 512 515 517 518 514 514 517 513 513 514 503 497 495 492 489 488 485 482 479 479 478 474 473 471 468 467 467 466 464 462 461 454 453
-1.7e+308 -1.7e+308 -1.7e+308 -1.7e+308 -1.7e+308 -1.7e+308 -1.7e+308 -1.7e+308 -1.7e+308 -1.7e+308 -1.7e+308 -1.7e+308 583 559 552 546 539 535 534 528 528 526 531 532 534 537 539 541 542 535 534 535 531 521 521 520 513 515 521 519 518 517 519 524 521 521 520 519 516 515 511 508 503 500 496 494 491 488 484 480 482 479 478 476 473 471 469 468 466 466 463 462 458 454
-1.7e+308 -1.7e+308 -1.7e+308 -1.7e+308 -1.7e+308 -1.7e+308 -1.7e+308 -1.7e+308 -1.7e+308 -1.7e+308 -1.7e+308 -1.7e+308 -1.7e+308 561 550 543 539 533 532 529 523 524 531 532 531 534 533 536 542 543 540 535 532 529 529 523 521 519 524 525 527 523 524 524 521 518 517 518 514 511 510 509 508 504 500 497 494 489 487 486 485 483 482 479 476 475 471 469 467 466 463 463 461 458
-1.7e+308 -1.7e+308 -1.7e+308 -1.7e+308 -1.7e+308 -1.7e+308 -1.7e+308 -1.7e+308 -1.7e+308 -1.7e+308 -1.7e+308 -1.7e+308 -1.7e+308 553 545 540 536 532 530 527 524 519 528 529 528 529 531 536 542 537 536 535 528 527 526 527 519 524 525 528 528 525 523 521 520 518 513 514 511 509 508 508 508 506 502 500 496 494 491 488 486 485 483 481 479 477 474 472 468 467 463 463 458 458
-1.7e+308 -1.7e+308 -1.7e+308 -1.7e+308 -1.7e+308 -1.7e+308 -1.7e+308 -1.7e+308 -1.7e+308 -1.7e+308 -1.7e+308 -1.7e+308 -1.7e+308 544 539 535 532 527 523 527 520 519 522 524 528 529 534 534 533 529 530 533 527 523 523 525 527 529 532 526 523 522 521 516 518 516 514 510 506 505 508 508 510 508 506 501 500 498 492 491 491 487 486 481 480 479 476 474 470 468 465 463 460 460
-1.7e+308 -1.7e+308 -1.7e+308 -1.7e+308 -1.7e+308 -1.7e+308 -1.7e+308 -1.7e+308 -1.7e+308 -1.7e+308 -1.7e+308 -1.7e+308 -1.7e+308 -1.7e+308 534 532 528 525 522 519 518 522 522 527 528 532 531 532 528 527 525 526 526 521 522 522 526 529 532 527 524 521 517 516 515 514 513 510 509 505 503 505 508 509 505 503 502 500 495 493 492 489 487 487 482 479 478 474 472 470 468 466 463 462
-1.7e+308 -1.7e+308 -1.7e+308 -1.7e+308 -1.7e+308 -1.7e+308 -1.7e+308 -1.7e+308 -1.7e+308 -1.7e+308 -1.7e+308 -1.7e+308 -1.7e+308 -1.7e+308 531 528 525 523 521 513 521 524 527 527 530 529 531 527 522 524 521 521 523 519 522 526 529 528 527 529 526 522 515 514 510 511 509 509 509 504 503 504 506 509 504 504 503 500 498 495 492 490 487 487 484 479 479 476 473 471 468 468 466 463
-1.7e+308 -1.7e+308 -1.7e+308 -1.7e+308 -1.7e+308 -1.7e+308 -1.7e+308 -1.7e+308 -1.7e+308 -1.7e+308 -1.7e+308 -1.7e+308 -1.7e+308 -1.7e+308 528 524 525 520 518 514 518 520 524 526 527 526 527 524 520 517 519 519 516 516 522 526 530 527 525 525 522 523 521 518 513 506 506 507 507 508 501 501 503 503 504 504 502 502 498 494 493 490 489 487 485 484 480 477 475 472 471 471 468 465
-1.7e+308 -1.7e+308 -1.7e+308 -1.7e+308 -1.7e+308 -1.7e+308 -1.7e+308 -1.7e+308 -1.7e+308 -1.7e+308 -1.7e+308 -1.7e+308 -1.7e+308 -1.7e+308 -1.7e+308 523 520 516 517 513 518 522 526 522 521 524 529 524 518 516 518 519 516 515 520 521 526 527 525 522 518 518 516 514 512 510 506 503 504 504 502 500 502 502 504 504 502 502 499 497 493 492 489 488 486 484 482 479 478 476 474 472 470 467
-1.7e+308 -1.7e+308 -1.7e+308 -1.7e+308 -1.7e+308 -1.7e+308 -1.7e+308 -1.7e+308 -1.7e+308 -1.7e+308 -1.7e+308 -1.7e+308 -1.7e+308 -1.7e+308 -1.7e+308 518 515 512 512 514 521 523 526 519 523 523 525 521 520 513 516 516 513 514 523 526 525 526 527 524 522 518 514 512 506 506 507 502 501 503 501 498 498 501 505 503 502 502 500 497 495 493 489 489 486 486 482 481 479 477 476 473 472 468
-1.7e+308 -1.7e+308 -1.7e+308 -1.7e+308 -1.7e+308 -1.7e+308 -1.7e+308 -1.7e+308 -1.7e+308 -1.7e+308 -1.7e+308 -1.7e+308 -1.7e+308 -1.7e+308 -1.7e+308 -1.7e+308 511 510 513 517 517 522 519 517 517 519 525 522 517 513 511 510 513 517 517 518 524 526 527 526 525 523 517 512 508 506 504 505 502 499 497 497 498 499 501 502 502 501 501 500 498 496 490 490 486 486 483 482 480 478 476 476 473 470
-1.7e+308 -1.7e+308 -1.7e+308 -1.7e+308 -1.7e+308 -1.7e+308 -1.7e+308 -1.7e+308 -1.7e+308 -1.7e+308 -1.7e+308 -1.7e+308 -1.7e+308 -1.7e+308 -1.7e+308 -1.7e+308 506 512 516 519 521 519 516 514 517 519 522 522 520 515 516 508 513 513 514 518 521 524 524 528 525 521 517 514 515 515 512 506 503 503 497 495 496 497 498 501 502 503 501 499 498 497 494 491 490 487 485 484 480 479 478 476 476 472
-1.7e+308 -1.7e+308 -1.7e+308 -1.7e+308 -1.7e+308 -1.7e+308 -1.7e+308 -1.7e+308 -1.7e+308 -1.7e+308 -1.7e+308 -1.7e+308 -1.7e+308 -1.7e+308 -1.7e+308 -1.7e+308 512 514 517 523 523 516 514 514 517 520 521 520 516 514 515 508 509 513 515 518 517 517 521 526 526 522 520 519 517 515 513 509 509 505 500 496 494 496 497 501 501 502 502 500 498 498 496 494 490 490 487 484 483 481 479 479 478 477
-1.7e+308 -1.7e+308 -1.7e+308 -1.7e+308 -1.7e+308 -1.7e+308 -1.7e+308 -1.7e+308 -1.7e+308 -1.7e+308 -1.7e+308 -1.7e+308 -1.7e+308 -1.7e+308 -1.7e+308 -1.7e+308 -1.7e+308 511 520 523 517 516 512 514 515 516 518 519 517 514 509 506 508 510 510 513 514 517 522 526 524 524 520 519 518 515 509 508 508 504 500 496 495 493 495 498 500 501 501 501 498 498 497 495 491 491 488 485 484 483 483 482 479 479
-1.7e+308 -1.7e+308 -1.7e+308 -1.7e+308 -1.7e+308 -1.7e+308 -1.7e+308 -1.7e+308 -1.7e+308 -1.7e+308 -1.7e+308 -1.7e+308 -1.7e+308 -1.7e+308 -1.7e+308 -1.7e+308 -1.7e+308 512 518 520 518 512 509 511 514 515 516 517 521 513 509 505 501 508 510 511 514 521 526 525 521 520 520 517 515 516 513 509 502 499 500 496 495 492 496 499 500 501 501 500 499 499 497 495 494 490 489 486 486 484 483 484 482 480
