Data/MAP.asc
NCOLS 137 
NROWS 385 
XLLCORNER 30.8916666666667 
YLLCORNER -25.5333333333333 
CELLSIZE 0.00833333333333286 
NODATA_value -1.7e+308 
[rows 132 to 164 of 385, columns 0 to 73 of 137]
-1.7e+308 -1.7e+308 -1.7e+308 -1.7e+308 -1.7e+308 -1.7e+308 -1.7e+308 -1.7e+308 -1.7e+308 -1.7e+308 -1.7e+308 -1.7e+308 -1.7e+308 -1.7e+308 -1.7e+308 -1.7e+308 -1.7e+308 508 515 516 516 515 509 505 510 512 514 520 517 512 508 501 504 510 513 513 515 516 521 526 520 518 517 513 510 510 512 509 508 499 496 495 493 490 496 498 498 498 500 500 499 498 497 495 493 492 491 489 488 488 487 487 484 484
-1.7e+308 -1.7e+308 -1.7e+308 -1.7e+308 -1.7e+308 -1.7e+308 -1.7e+308 -1.7e+308 -1.7e+308 -1.7e+308 -1.7e+308 -1.7e+308 -1.7e+308 -1.7e+308 -1.7e+308 -1.7e+308 -1.7e+308 -1.7e+308 514 510 513 512 506 503 509 510 517 520 512 508 503 500 502 509 509 511 517 518 521 528 523 519 518 513 509 507 505 508 508 502 499 498 492 491 495 496 494 499 500 500 498 498 496 493 492 492 491 490 490 489 487 487 486 486
-1.7e+308 -1.7e+308 -1.7e+308 -1.7e+308 -1.7e+308 -1.7e+308 -1.7e+308 -1.7e+308 -1.7e+308 -1.7e+308 -1.7e+308 -1.7e+308 -1.7e+308 -1.7e+308 -1.7e+308 -1.7e+308 -1.7e+308 -1.7e+308 510 504 507 512 501 502 505 512 515 518 513 508 503 499 501 504 509 511 517 519 520 526 529 524 521 518 512 508 501 501 506 502 499 496 494 490 493 493 496 499 497 497 498 498 498 493 491 489 491 491 490 489 487 487 486 485
-1.7e+308 -1.7e+308 -1.7e+308 -1.7e+308 -1.7e+308 -1.7e+308 -1.7e+308 -1.7e+308 -1.7e+308 -1.7e+308 -1.7e+308 -1.7e+308 -1.7e+308 -1.7e+308 -1.7e+308 -1.7e+308 -1.7e+308 -1.7e+308 -1.7e+308 502 507 507 499 502 505 513 512 512 513 510 500 497 501 503 511 516 514 512 517 524 525 521 517 512 512 508 502 499 503 502 500 497 493 493 488 494 495 498 496 496 498 495 494 492 491 490 490 491 491 488 487 487 483 483
-1.7e+308 -1.7e+308 -1.7e+308 -1.7e+308 -1.7e+308 -1.7e+308 -1.7e+308 -1.7e+308 -1.7e+308 -1.7e+308 -1.7e+308 -1.7e+308 -1.7e+308 -1.7e+308 -1.7e+308 -1.7e+308 -1.7e+308 -1.7e+308 -1.7e+308 502 498 502 497 502 510 512 509 510 508 501 500 497 501 503 511 508 510 516 518 524 525 522 518 512 509 510 503 498 496 496 502 498 495 491 488 490 494 498 492 491 491 492 492 490 490 490 489 491 491 488 485 483 483 482
-1.7e+308 -1.7e+308 -1.7e+308 -1.7e+308 -1.7e+308 -1.7e+308 -1.7e+308 -1.7e+308 -1.7e+308 -1.7e+308 -1.7e+308 -1.7e+308 -1.7e+308 -1.7e+308 -1.7e+308 -1.7e+308 -1.7e+308 -1.7e+308 -1.7e+308 497 500 500 495 499 505 507 503 504 504 502 497 494 503 507 504 503 511 513 512 521 525 522 517 511 505 503 503 500 495 493 497 496 495 491 486 489 496 496 495 491 491 493 491 491 489 489 490 490 491 487 485 483 483 483
-1.7e+308 -1.7e+308 -1.7e+308 -1.7e+308 -1.7e+308 -1.7e+308 -1.7e+308 -1.7e+308 -1.7e+308 -1.7e+308 -1.7e+308 -1.7e+308 -1.7e+308 -1.7e+308 -1.7e+308 -1.7e+308 -1.7e+308 -1.7e+308 -1.7e+308 -1.7e+308 495 499 498 494 499 504 502 500 500 500 496 494 498 502 503 509 508 509 511 517 524 522 519 510 505 502 500 497 497 493 491 498 495 490 485 492 493 498 494 490 490 491 491 489 488 489 489 489 491 487 483 483 482 484
-1.7e+308 -1.7e+308 -1.7e+308 -1.7e+308 -1.7e+308 -1.7e+308 -1.7e+308 -1.7e+308 -1.7e+308 -1.7e+308 -1.7e+308 -1.7e+308 -1.7e+308 -1.7e+308 -1.7e+308 -1.7e+308 -1.7e+308 -1.7e+308 -1.7e+308 -1.7e+308 489 494 494 491 500 500 503 500 496 498 492 496 497 498 498 500 506 511 518 521 524 521 516 516 511 505 503 502 498 495 489 491 495 491 486 493 494 495 493 492 490 489 488 488 488 488 489 489 488 487 484 482 482 483
-1.7e+308 -1.7e+308 -1.7e+308 -1.7e+308 -1.7e+308 -1.7e+308 -1.7e+308 -1.7e+308 -1.7e+308 -1.7e+308 -1.7e+308 -1.7e+308 -1.7e+308 -1.7e+308 -1.7e+308 -1.7e+308 -1.7e+308 -1.7e+308 -1.7e+308 -1.7e+308 487 489 493 492 492 494 495 497 494 499 491 492 494 497 501 502 506 511 519 524 523 520 515 511 507 502 499 498 496 497 495 489 486 489 486 487 494 493 492 492 489 488 488 488 487 487 487 487 487 486 483 482 483 484
-1.7e+308 -1.7e+308 -1.7e+308 -1.7e+308 -1.7e+308 -1.7e+308 -1.7e+308 -1.7e+308 -1.7e+308 -1.7e+308 -1.7e+308 -1.7e+308 -1.7e+308 -1.7e+308 -1.7e+308 -1.7e+308 -1.7e+308 -1.7e+308 -1.7e+308 -1.7e+308 -1.7e+308 485 487 492 487 490 495 495 494 499 491 492 495 496 496 499 505 514 516 522 526 520 515 515 511 506 505 505 501 496 496 494 491 486 485 485 489 493 489 492 492 487 488 488 486 486 487 487 487 487 483 481 484 484
-1.7e+308 -1.7e+308 -1.7e+308 -1.7e+308 -1.7e+308 -1.7e+308 -1.7e+308 -1.7e+308 -1.7e+308 -1.7e+308 -1.7e+308 -1.7e+308 -1.7e+308 -1.7e+308 -1.7e+308 -1.7e+308 -1.7e+308 -1.7e+308 -1.7e+308 -1.7e+308 -1.7e+308 -1.7e+308 -1.7e+308 493 486 486 491 494 492 497 489 491 496 501 499 502 505 511 516 522 525 521 521 518 514 510 510 506 500 499 501 495 496 487 485 484 485 487 487 489 494 488 487 487 486 484 485 486 487 486 483 482 483 484
-1.7e+308 -1.7e+308 -1.7e+308 -1.7e+308 -1.7e+308 -1.7e+308 -1.7e+308 -1.7e+308 -1.7e+308 -1.7e+308 -1.7e+308 -1.7e+308 -1.7e+308 -1.7e+308 -1.7e+308 -1.7e+308 -1.7e+308 -1.7e+308 -1.7e+308 -1.7e+308 -1.7e+308 -1.7e+308 -1.7e+308 486 487 485 484 488 490 495 487 491 494 496 499 502 502 509 514 519 521 521 521 519 512 520 509 505 500 502 502 497 497 492 492 489 486 484 482 481 484 484 483 485 484 484 484 486 487 486 484 482 483 486
-1.7e+308 -1.7e+308 -1.7e+308 -1.7e+308 -1.7e+308 -1.7e+308 -1.7e+308 -1.7e+308 -1.7e+308 -1.7e+308 -1.7e+308 -1.7e+308 -1.7e+308 -1.7e+308 -1.7e+308 -1.7e+308 -1.7e+308 -1.7e+308 -1.7e+308 -1.7e+308 -1.7e+308 -1.7e+308 -1.7e+308 486 485 -1.7e+308 -1.7e+308 488 488 485 485 490 493 494 497 497 499 505 513 517 519 517 520 522 518 519 508 510 505 506 502 503 498 499 496 492 491 490 489 487 485 483 483 483 484 484 483 484 485 484 483 480 483 484
-1.7e+308 -1.7e+308 -1.7e+308 -1.7e+308 -1.7e+308 -1.7e+308 -1.7e+308 -1.7e+308 -1.7e+308 -1.7e+308 -1.7e+308 -1.7e+308 -1.7e+308 -1.7e+308 -1.7e+308 -1.7e+308 -1.7e+308 -1.7e+308 -1.7e+308 -1.7e+308 -1.7e+308 -1.7e+308 -1.7e+308 -1.7e+308 -1.7e+308 -1.7e+308 -1.7e+308 484 485 489 492 498 499 501 500 498 505 513 512 513 518 514 518 517 515 510 515 514 512 508 507 503 503 504 500 498 495 496 492 490 488 486 479 480 484 482 482 484 485 483 483 483 483 488
-1.7e+308 -1.7e+308 -1.7e+308 -1.7e+308 -1.7e+308 -1.7e+308 -1.7e+308 -1.7e+308 -1.7e+308 -1.7e+308 -1.7e+308 -1.7e+308 -1.7e+308 -1.7e+308 -1.7e+308 -1.7e+308 -1.7e+308 -1.7e+308 -1.7e+308 -1.7e+308 -1.7e+308 -1.7e+308 -1.7e+308 -1.7e+308 -1.7e+308 -1.7e+308 483 483 483 492 495 495 500 498 503 507 509 513 511 511 510 514 517 511 511 508 514 520 517 514 509 507 504 501 497 500 497 492 490 489 490 487 486 481 481 482 482 482 484 483 478 483 485 488
-1.7e+308 -1.7e+308 -1.7e+308 -1.7e+308 -1.7e+308 -1.7e+308 -1.7e+308 -1.7e+308 -1.7e+308 -1.7e+308 -1.7e+308 -1.7e+308 -1.7e+308 -1.7e+308 -1.7e+308 -1.7e+308 -1.7e+308 -1.7e+308 -1.7e+308 -1.7e+308 -1.7e+308 -1.7e+308 -1.7e+308 -1.7e+308 -1.7e+308 -1.7e+308 479 485 487 488 488 491 495 497 503 507 511 511 511 513 508 510 514 511 507 513 516 513 516 509 507 506 505 505 500 496 493 489 488 486 485 484 485 485 480 480 477 482 485 483 480 482 485 487
-1.7e+308 -1.7e+308 -1.7e+308 -1.7e+308 -1.7e+308 -1.7e+308 -1.7e+308 -1.7e+308 -1.7e+308 -1.7e+308 -1.7e+308 -1.7e+308 -1.7e+308 -1.7e+308 -1.7e+308 -1.7e+308 -1.7e+308 -1.7e+308 -1.7e+308 -1.7e+308 -1.7e+308 -1.7e+308 -1.7e+308 -1.7e+308 -1.7e+308 -1.7e+308 -1.7e+308 480 483 486 488 491 495 499 501 502 503 509 509 508 505 511 507 508 508 512 511 512 518 511 507 504 500 498 496 495 494 494 496 492 489 486 483 484 484 482 478 483 484 483 479 484 486 487
-1.7e+308 -1.7e+308 -1.7e+308 -1.7e+308 -1.7e+308 -1.7e+308 -1.7e+308 -1.7e+308 -1.7e+308 -1.7e+308 -1.7e+308 -1.7e+308 -1.7e+308 -1.7e+308 -1.7e+308 -1.7e+308 -1.7e+308 -1.7e+308 -1.7e+308 -1.7e+308 -1.7e+308 -1.7e+308 -1.7e+308 -1.7e+308 -1.7e+308 -1.7e+308 -1.7e+308 -1.7e+308 486 489 493 499 499 499 498 500 502 509 514 508 503 509 507 501 511 505 506 510 515 514 511 506 504 500 500 499 497 497 498 496 494 490 486 481 480 479 478 484 483 480 479 481 486 489
-1.7e+308 -1.7e+308 -1.7e+308 -1.7e+308 -1.7e+308 -1.7e+308 -1.7e+308 -1.7e+308 -1.7e+308 -1.7e+308 -1.7e+308 -1.7e+308 -1.7e+308 -1.7e+308 -1.7e+308 -1.7e+308 -1.7e+308 -1.7e+308 -1.7e+308 -1.7e+308 -1.7e+308 -1.7e+308 -1.7e+308 -1.7e+308 -1.7e+308 -1.7e+308 -1.7e+308 -1.7e+308 485 489 491 500 498 495 494 497 501 504 514 511 502 502 503 499 505 501 506 513 513 509 505 510 507 505 505 503 502 502 502 497 495 495 488 484 479 479 478 481 481 479 480 484 488 489
-1.7e+308 -1.7e+308 -1.7e+308 -1.7e+308 -1.7e+308 -1.7e+308 -1.7e+308 -1.7e+308 -1.7e+308 -1.7e+308 -1.7e+308 -1.7e+308 -1.7e+308 -1.7e+308 -1.7e+308 -1.7e+308 -1.7e+308 -1.7e+308 -1.7e+308 -1.7e+308 -1.7e+308 -1.7e+308 -1.7e+308 -1.7e+308 -1.7e+308 478 479 480 483 488 497 495 491 495 493 495 502 506 515 513 506 502 498 500 500 500 507 504 508 506 505 505 507 513 509 509 503 502 500 494 490 489 488 486 481 481 477 481 481 477 482 486 489 490
-1.7e+308 -1.7e+308 -1.7e+308 -1.7e+308 -1.7e+308 -1.7e+308 -1.7e+308 -1.7e+308 -1.7e+308 -1.7e+308 -1.7e+308 -1.7e+308 -1.7e+308 -1.7e+308 -1.7e+308 -1.7e+308 -1.7e+308 -1.7e+308 -1.7e+308 -1.7e+308 -1.7e+308 -1.7e+308 -1.7e+308 -1.7e+308 -1.7e+308 474 483 488 494 493 498 489 489 489 490 500 502 505 509 513 507 506 499 498 495 496 504 504 507 502 500 504 508 507 514 514 504 500 496 493 495 496 495 495 487 481 480 478 481 477 482 487 488 495
-1.7e+308 -1.7e+308 -1.7e+308 -1.7e+308 -1.7e+308 -1.7e+308 -1.7e+308 -1.7e+308 -1.7e+308 -1.7e+308 -1.7e+308 -1.7e+308 -1.7e+308 -1.7e+308 -1.7e+308 -1.7e+308 -1.7e+308 -1.7e+308 -1.7e+308 -1.7e+308 -1.7e+308 -1.7e+308 -1.7e+308 -1.7e+308 -1.7e+308 -1.7e+308 479 485 489 493 493 489 485 485 490 495 498 502 509 512 512 507 504 501 496 496 496 505 509 501 499 501 503 503 508 512 506 501 498 501 504 517 504 491 486 481 478 477 480 478 482 485 487 494
-1.7e+308 -1.7e+308 -1.7e+308 -1.7e+308 -1.7e+308 -1.7e+308 -1.7e+308 -1.7e+308 -1.7e+308 -1.7e+308 -1.7e+308 -1.7e+308 -1.7e+308 -1.7e+308 -1.7e+308 -1.7e+308 -1.7e+308 -1.7e+308 -1.7e+308 -1.7e+308 -1.7e+308 -1.7e+308 -1.7e+308 -1.7e+308 -1.7e+308 -1.7e+308 -1.7e+308 482 486 487 485 485 483 489 497 498 499 499 506 515 513 509 508 505 496 494 500 508 503 498 498 498 500 505 507 508 509 506 501 506 517 504 493 492 490 484 480 476 481 477 480 483 487 491
-1.7e+308 -1.7e+308 -1.7e+308 -1.7e+308 -1.7e+308 -1.7e+308 -1.7e+308 -1.7e+308 -1.7e+308 -1.7e+308 -1.7e+308 -1.7e+308 -1.7e+308 -1.7e+308 -1.7e+308 -1.7e+308 -1.7e+308 -1.7e+308 -1.7e+308 -1.7e+308 -1.7e+308 -1.7e+308 -1.7e+308 -1.7e+308 -1.7e+308 -1.7e+308 -1.7e+308 476 480 485 485 480 486 495 494 498 496 500 506 515 509 504 503 501 498 492 496 508 496 495 494 500 501 501 506 505 505 504 508 509 510 504 494 491 489 484 481 477 477 476 482 485 488 489
-1.7e+308 -1.7e+308 -1.7e+308 -1.7e+308 -1.7e+308 -1.7e+308 -1.7e+308 -1.7e+308 -1.7e+308 -1.7e+308 -1.7e+308 -1.7e+308 -1.7e+308 -1.7e+308 -1.7e+308 -1.7e+308 -1.7e+308 -1.7e+308 -1.7e+308 -1.7e+308 -1.7e+308 -1.7e+308 -1.7e+308 -1.7e+308 -1.7e+308 -1.7e+308 -1.7e+308 -1.7e+308 479 481 484 483 485 486 488 490 498 502 508 507 504 501 499 497 495 491 496 503 496 493 493 497 499 501 503 502 500 503 505 504 501 499 496 492 487 486 479 480 480 477 479 485 485 489
-1.7e+308 -1.7e+308 -1.7e+308 -1.7e+308 -1.7e+308 -1.7e+308 -1.7e+308 -1.7e+308 -1.7e+308 -1.7e+308 -1.7e+308 -1.7e+308 -1.7e+308 -1.7e+308 -1.7e+308 -1.7e+308 -1.7e+308 -1.7e+308 -1.7e+308 -1.7e+308 -1.7e+308 -1.7e+308 -1.7e+308 -1.7e+308 -1.7e+308 -1.7e+308 -1.7e+308 -1.7e+308 -1.7e+308 477 479 478 484 486 489 497 499 503 503 503 504 501 499 494 491 491 496 499 493 490 494 501 501 503 503 503 500 500 504 505 496 494 491 491 496 493 488 480 477 476 480 483 487 489
-1.7e+308 -1.7e+308 -1.7e+308 -1.7e+308 -1.7e+308 -1.7e+308 -1.7e+308 -1.7e+308 -1.7e+308 -1.7e+308 -1.7e+308 -1.7e+308 -1.7e+308 -1.7e+308 -1.7e+308 -1.7e+308 -1.7e+308 -1.7e+308 -1.7e+308 -1.7e+308 -1.7e+308 -1.7e+308 -1.7e+308 -1.7e+308 -1.7e+308 -1.7e+308 -1.7e+308 -1.7e+308 -1.7e+308 -1.7e+308 474 478 485 484 486 487 499 499 499 500 497 501 502 498 497 490 492 493 493 487 494 499 498 498 503 500 493 496 503 507 501 497 495 496 500 496 488 480 477 476 477 483 486 489
-1.7e+308 -1.7e+308 -1.7e+308 -1.7e+308 -1.7e+308 -1.7e+308 -1.7e+308 -1.7e+308 -1.7e+308 -1.7e+308 -1.7e+308 -1.7e+308 -1.7e+308 -1.7e+308 -1.7e+308 -1.7e+308 -1.7e+308 -1.7e+308 -1.7e+308 -1.7e+308 -1.7e+308 -1.7e+308 -1.7e+308 -1.7e+308 -1.7e+308 -1.7e+308 -1.7e+308 -1.7e+308 -1.7e+308 -1.7e+308 477 477 477 485 488 492 492 493 495 497 492 500 502 499 496 492 489 490 488 485 492 492 493 496 501 495 492 496 503 508 507 503 502 506 500 496 489 486 480 477 477 482 488 489
-1.7e+308 -1.7e+308 -1.7e+308 -1.7e+308 -1.7e+308 -1.7e+308 -1.7e+308 -1.7e+308 -1.7e+308 -1.7e+308 -1.7e+308 -1.7e+308 -1.7e+308 -1.7e+308 -1.7e+308 -1.7e+308 -1.7e+308 -1.7e+308 -1.7e+308 -1.7e+308 -1.7e+308 -1.7e+308 -1.7e+308 -1.7e+308 -1.7e+308 -1.7e+308 -1.7e+308 -1.7e+308 -1.7e+308 -1.7e+308 484 477 476 483 486 492 490 492 493 495 491 495 504 501 498 498 496 492 493 485 485 486 493 493 498 498 490 495 500 505 504 507 507 505 497 494 489 484 485 480 478 479 484 488
-1.7e+308 -1.7e+308 -1.7e+308 -1.7e+308 -1.7e+308 -1.7e+308 -1.7e+308 -1.7e+308 -1.7e+308 -1.7e+308 -1.7e+308 -1.7e+308 -1.7e+308 -1.7e+308 -1.7e+308 -1.7e+308 -1.7e+308 -1.7e+308 -1.7e+308 -1.7e+308 -1.7e+308 -1.7e+308 -1.7e+308 -1.7e+308 -1.7e+308 -1.7e+308 -1.7e+308 -1.7e+308 -1.7e+308 -1.7e+308 482 478 475 480 482 489 489 485 491 491 488 501 501 499 496 500 499 499 496 492 487 485 485 491 491 498 490 494 497 497 498 505 508 499 497 495 491 492 487 479 476 479 483 484
-1.7e+308 -1.7e+308 -1.7e+308 -1.7e+308 -1.7e+308 -1.7e+308 -1.7e+308 -1.7e+308 -1.7e+308 -1.7e+308 -1.7e+308 -1.7e+308 -1.7e+308 -1.7e+308 -1.7e+308 -1.7e+308 -1.7e+308 -1.7e+308 -1.7e+308 -1.7e+308 -1.7e+308 -1.7e+308 -1.7e+308 -1.7e+308 -1.7e+308 -1.7e+308 -1.7e+308 -1.7e+308 -1.7e+308 -1.7e+308 479 475 475 481 482 486 487 480 484 488 491 494 496 495 492 496 498 501 498 493 489 485 483 489 488 493 487 494 496 496 500 507 505 499 501 492 492 491 491 482 477 480 483 485
-1.7e+308 -1.7e+308 -1.7e+308 -1.7e+308 -1.7e+308 -1.7e+308 -1.7e+308 -1.7e+308 -1.7e+308 -1.7e+308 -1.7e+308 -1.7e+308 -1.7e+308 -1.7e+308 -1.7e+308 -1.7e+308 -1.7e+308 -1.7e+308 -1.7e+308 -1.7e+308 -1.7e+308 -1.7e+308 -1.7e+308 -1.7e+308 -1.7e+308 -1.7e+308 -1.7e+308 -1.7e+308 -1.7e+308 -1.7e+308 -1.7e+308 480 475 480 480 481 479 476 476 484 486 492 493 489 489 492 495 486 497 496 494 490 485 482 488 486 490 494 491 497 499 500 502 500 495 492 491 487 486 481 477 477 479 481
-1.7e+308 -1.7e+308 -1.7e+308 -1.7e+308 -1.7e+308 -1.7e+308 -1.7e+308 -1.7e+308 -1.7e+308 -1.7e+308 -1.7e+308 -1.7e+308 -1.7e+308 -1.7e+308 -1.7e+308 -1.7e+308 -1.7e+308 -1.7e+308 -1.7e+308 -1.7e+308 -1.7e+308 -1.7e+308 -1.7e+308 -1.7e+308 -1.7e+308 -1.7e+308 -1.7e+308 -1.7e+308 -1.7e+308 -1.7e+308 -1.7e+308 483 477 475 475 474 474 474 475 477 482 486 493 493 485 489 495 484 486 488 490 493 487 481 488 485 489 489 496 498 498 501 499 496 498 497 494 492 489 486 482 478 478 482
