Data/MAP.asc
NCOLS 137 
NROWS 385 
XLLCORNER 30.8916666666667 
YLLCORNER -25.5333333333333 
CELLSIZE 0.00833333333333286 
NODATA_value -1.7e+308 
[rows 66 to 98 of 385, columns 0 to 73 of 137]
-1.7e+308 -1.7e+308 -1.7e+308 -1.7e+308 -1.7e+308 -1.7e+308 -1.7e+308 -1.7e+308 525 525 528 519 516 514 513 511 513 505 501 505 502 499 494 498 494 490 490 496 495 487 487 487 490 492 488 495 485 477 471 468 477 482 479 479 479 479 476 475 473 472 472 473 473 473 472 469 466 466 467 456 456 457 463 463 464 464 477 493 -1.7e+308 -1.7e+308 -1.7e+308 -1.7e+308 -1.7e+308 -1.7e+308
-1.7e+308 -1.7e+308 -1.7e+308 -1.7e+308 -1.7e+308 -1.7e+308 -1.7e+308 -1.7e+308 529 523 522 532 519 515 521 515 512 509 501 499 503 496 494 491 492 487 487 493 491 488 481 486 486 486 485 484 482 474 469 472 477 477 476 475 475 475 476 473 470 470 471 471 471 470 470 467 465 465 466 460 455 455 458 459 461 460 462 490 478 -1.7e+308 -1.7e+308 -1.7e+308 -1.7e+308 -1.7e+308
-1.7e+308 -1.7e+308 -1.7e+308 -1.7e+308 -1.7e+308 -1.7e+308 -1.7e+308 532 538 539 533 540 534 525 521 524 516 511 503 512 507 498 497 493 489 492 489 484 479 488 483 480 478 479 479 482 485 473 469 472 473 474 473 471 473 474 473 473 470 470 470 471 471 467 465 465 462 460 461 460 454 452 457 458 458 458 461 467 479 -1.7e+308 -1.7e+308 -1.7e+308 -1.7e+308 -1.7e+308
-1.7e+308 -1.7e+308 -1.7e+308 -1.7e+308 -1.7e+308 -1.7e+308 -1.7e+308 536 542 546 548 539 533 530 529 525 516 513 513 518 508 499 504 500 497 495 494 490 486 479 477 477 477 474 475 477 477 473 469 467 470 472 471 471 472 474 471 468 468 466 467 469 468 467 464 461 460 458 460 455 452 452 456 458 456 459 460 460 463 -1.7e+308 -1.7e+308 -1.7e+308 -1.7e+308 -1.7e+308
-1.7e+308 -1.7e+308 -1.7e+308 -1.7e+308 -1.7e+308 -1.7e+308 -1.7e+308 542 547 559 553 539 541 538 533 531 521 520 519 514 509 506 509 509 507 503 498 491 486 486 478 476 473 474 470 471 477 477 470 464 464 467 468 470 471 471 468 467 465 464 468 469 468 465 462 457 454 453 459 451 451 453 457 453 455 457 457 460 460 465 -1.7e+308 -1.7e+308 -1.7e+308 -1.7e+308
-1.7e+308 -1.7e+308 -1.7e+308 -1.7e+308 -1.7e+308 -1.7e+308 559 550 554 563 552 545 547 542 538 533 527 524 519 516 511 509 512 513 510 504 497 497 493 485 483 485 481 474 473 469 469 468 470 465 463 463 469 469 470 467 467 461 462 463 466 467 467 466 463 457 454 452 452 449 451 452 452 452 453 455 457 457 461 463 -1.7e+308 -1.7e+308 -1.7e+308 -1.7e+308
-1.7e+308 -1.7e+308 -1.7e+308 -1.7e+308 -1.7e+308 -1.7e+308 562 565 561 558 552 555 549 546 547 538 532 529 522 521 515 512 516 515 510 506 503 495 494 488 492 492 485 481 476 469 469 466 464 469 462 466 468 472 468 467 462 459 458 462 464 468 467 464 459 455 454 449 450 448 452 451 450 453 455 455 456 459 460 464 -1.7e+308 -1.7e+308 -1.7e+308 -1.7e+308
-1.7e+308 -1.7e+308 -1.7e+308 -1.7e+308 -1.7e+308 -1.7e+308 570 570 568 553 548 544 545 545 545 538 535 530 527 525 524 522 522 520 512 511 510 504 497 494 499 492 488 485 481 475 473 467 462 468 464 460 462 470 465 464 459 456 460 463 466 466 466 461 460 457 453 448 448 446 446 447 451 454 454 455 455 459 459 464 470 -1.7e+308 -1.7e+308 -1.7e+308
-1.7e+308 -1.7e+308 -1.7e+308 -1.7e+308 -1.7e+308 -1.7e+308 573 568 560 556 552 544 540 538 540 539 531 530 530 531 528 527 531 525 516 516 508 504 500 499 500 498 489 484 478 475 471 466 462 462 460 459 462 465 464 461 456 455 458 465 465 463 461 461 461 459 452 447 445 446 446 447 451 453 453 453 454 455 458 460 462 -1.7e+308 -1.7e+308 -1.7e+308
-1.7e+308 -1.7e+308 -1.7e+308 -1.7e+308 -1.7e+308 574 566 564 559 564 555 543 537 535 535 538 530 527 527 526 527 527 531 529 525 521 515 507 506 508 502 498 487 484 481 481 478 478 470 469 460 459 458 460 465 461 453 453 454 463 462 460 460 459 455 458 451 446 443 444 445 448 450 453 451 451 452 455 456 456 461 -1.7e+308 -1.7e+308 -1.7e+308
-1.7e+308 -1.7e+308 -1.7e+308 -1.7e+308 -1.7e+308 572 558 555 550 557 545 546 539 528 533 529 534 526 524 519 522 525 529 526 523 518 517 516 514 506 497 495 496 495 490 484 481 479 476 473 466 458 455 456 463 460 453 451 452 458 459 456 458 456 453 453 448 445 443 443 444 447 449 449 451 451 452 455 455 454 457 461 -1.7e+308 -1.7e+308
-1.7e+308 -1.7e+308 -1.7e+308 -1.7e+308 -1.7e+308 570 557 544 544 547 543 540 538 535 525 526 529 526 518 518 524 525 525 523 519 516 512 512 512 504 500 503 499 499 494 492 487 480 478 470 468 468 455 456 465 459 450 450 448 451 455 454 454 455 453 453 445 441 442 446 450 451 449 448 450 452 452 454 453 453 457 461 -1.7e+308 -1.7e+308
-1.7e+308 -1.7e+308 -1.7e+308 -1.7e+308 560 551 546 549 538 544 536 536 534 534 530 526 518 520 516 513 515 523 525 517 513 521 512 508 512 512 510 509 498 494 491 484 477 476 473 474 468 461 458 452 462 453 450 448 447 447 452 452 452 452 453 451 447 439 442 447 448 449 448 448 450 450 450 450 451 452 454 455 -1.7e+308 -1.7e+308
-1.7e+308 -1.7e+308 -1.7e+308 -1.7e+308 549 542 540 537 534 529 535 524 527 522 520 523 516 516 511 510 515 517 515 515 509 509 509 503 508 509 505 504 502 498 491 484 480 478 479 475 468 461 459 452 454 452 448 448 447 445 446 451 450 450 450 448 443 438 442 446 448 448 447 447 447 446 449 450 450 454 454 453 457 -1.7e+308
-1.7e+308 -1.7e+308 -1.7e+308 -1.7e+308 553 553 554 548 533 530 528 526 522 519 518 516 514 513 510 508 511 514 510 513 505 502 508 501 503 503 500 497 502 502 494 491 489 487 477 472 467 466 462 454 455 454 451 447 447 447 443 449 446 447 447 446 446 438 442 446 446 446 445 447 446 446 447 449 450 452 448 449 455 -1.7e+308
-1.7e+308 -1.7e+308 -1.7e+308 567 552 551 547 541 534 541 541 529 532 532 523 520 519 512 509 506 506 505 507 505 508 499 501 502 497 499 497 494 497 500 500 495 488 480 476 477 474 467 464 464 459 459 456 453 449 448 445 443 444 444 442 443 443 437 442 444 446 444 446 444 444 443 446 449 453 449 447 447 451 -1.7e+308
-1.7e+308 -1.7e+308 -1.7e+308 556 557 558 556 548 547 547 540 533 538 536 530 527 529 522 518 510 504 501 506 499 494 498 496 501 493 492 493 491 493 494 497 494 493 485 483 480 475 475 472 467 466 461 456 453 448 447 443 443 441 440 440 441 443 438 441 441 444 443 443 442 443 443 445 448 447 447 446 445 448 448
-1.7e+308 -1.7e+308 -1.7e+308 565 567 564 559 550 552 551 536 543 545 540 537 530 521 519 512 507 509 504 499 497 494 492 492 495 495 489 489 486 490 495 492 487 488 483 483 474 474 475 473 468 461 455 453 450 448 447 446 443 442 440 439 438 440 436 434 441 441 442 441 440 441 442 445 446 445 445 444 444 446 448
-1.7e+308 -1.7e+308 573 570 571 570 564 559 548 547 545 547 548 540 532 523 521 517 517 518 510 503 500 504 499 491 489 490 487 489 485 481 487 489 482 487 486 481 475 474 470 468 467 465 462 456 451 452 450 447 448 446 441 441 440 437 436 434 434 436 439 440 438 438 439 440 442 443 442 442 441 443 446 446
-1.7e+308 -1.7e+308 582 576 574 566 558 554 558 556 553 552 547 541 532 532 521 521 529 518 509 508 508 504 502 496 490 490 486 486 483 479 480 482 478 479 485 481 475 470 471 464 461 456 458 454 452 452 452 453 449 451 447 447 444 440 438 436 434 434 435 439 438 437 438 439 439 441 441 442 440 442 446 446
-1.7e+308 -1.7e+308 584 583 570 565 564 565 565 557 549 548 538 534 541 532 525 530 526 516 514 513 511 508 501 502 502 496 496 486 482 481 477 474 474 474 473 475 476 474 466 462 458 456 456 455 454 452 457 455 453 451 453 451 446 444 443 441 435 435 435 437 437 435 436 439 439 439 439 440 438 443 445 443
-1.7e+308 589 588 581 575 570 571 571 564 562 556 549 544 545 540 532 533 533 528 521 521 523 519 511 506 506 507 500 497 493 489 485 481 477 477 474 472 474 469 469 468 466 462 457 468 460 457 457 458 456 456 459 457 456 454 449 447 442 435 435 433 433 437 434 436 436 436 438 437 436 437 442 441 440
-1.7e+308 597 595 593 589 586 582 581 570 566 561 552 552 551 540 543 537 533 529 527 527 524 520 516 510 513 504 496 493 489 488 483 479 477 476 473 472 468 466 465 463 462 461 462 471 464 460 461 458 458 457 456 456 454 453 449 447 445 441 434 433 433 436 434 435 435 436 436 435 437 438 438 437 440
-1.7e+308 592 592 589 585 586 578 572 572 571 564 561 557 550 548 551 545 538 533 527 524 519 517 509 506 503 500 496 496 497 494 492 486 481 476 481 472 470 467 464 463 461 462 464 473 469 467 461 459 458 456 456 455 453 449 447 445 445 442 434 433 433 433 432 431 433 431 433 433 437 439 437 436 437
-1.7e+308 589 587 583 584 576 571 565 564 564 560 563 558 553 554 559 547 539 535 531 528 524 518 511 510 507 504 500 503 501 496 488 485 480 481 481 474 473 470 470 470 466 467 467 473 475 467 462 459 458 454 455 454 452 451 447 444 441 435 434 432 432 434 430 430 431 432 432 435 440 438 434 434 436
-1.7e+308 -1.7e+308 592 585 575 572 570 566 563 559 557 552 550 555 554 553 551 548 539 536 531 523 520 516 513 508 509 505 503 498 495 493 487 483 492 480 482 482 473 475 473 472 472 478 474 471 467 462 458 455 451 453 453 453 453 449 445 442 438 433 432 432 430 429 429 429 430 432 435 439 435 433 434 434
-1.7e+308 -1.7e+308 594 584 580 577 577 573 571 563 562 558 549 543 554 547 543 544 535 532 533 529 527 523 521 513 515 508 502 498 499 497 493 488 489 481 482 482 480 481 478 479 481 479 475 473 462 458 457 454 450 449 448 448 448 445 442 439 434 432 432 432 430 429 429 429 428 430 431 435 434 431 433 434
-1.7e+308 -1.7e+308 -1.7e+308 591 584 585 581 578 577 569 566 560 551 543 548 546 542 536 530 530 527 525 523 521 519 516 514 511 505 502 501 497 494 495 493 487 487 487 485 486 483 481 483 481 474 471 462 458 455 452 449 448 446 445 445 443 438 436 435 434 433 433 431 429 429 429 428 427 434 433 433 429 432 432
-1.7e+308 -1.7e+308 -1.7e+308 593 590 586 582 578 568 565 557 558 546 541 538 536 531 533 527 526 522 522 517 512 511 507 509 510 512 509 507 503 503 500 496 493 493 492 490 484 481 477 481 476 468 467 459 454 453 451 449 449 448 444 443 440 437 437 436 438 437 437 434 430 430 427 427 427 432 428 430 429 429 431
-1.7e+308 -1.7e+308 -1.7e+308 -1.7e+308 588 582 582 574 568 564 562 550 551 553 543 540 531 529 532 527 523 519 520 518 514 510 505 501 507 509 507 496 500 494 491 493 490 488 488 488 480 473 469 465 461 460 457 456 453 452 450 453 452 448 446 445 443 438 440 440 446 441 436 434 434 430 429 427 429 428 429 428 427 430
-1.7e+308 -1.7e+308 -1.7e+308 -1.7e+308 583 575 575 575 580 572 564 561 561 554 552 547 540 538 535 530 528 528 524 518 519 515 510 501 507 502 502 497 492 491 487 485 485 486 484 492 481 474 468 464 468 461 457 460 460 457 457 456 452 449 448 446 443 441 439 441 446 441 441 441 432 430 429 428 428 428 428 426 427 428
-169999999999999993904002242466406664044420048442860088420260684000404820028608024844624686206008208448044284068628804000042488246282828488402226486082626684240402848284282044808420004466866206406608248084262686666068280646444022408848240422204824008806666888444262282824022680202828800462802200486204806806422.000000000000000 -1.7e+308 -1.7e+308 -1.7e+308 567 572 566 573 583 581 568 571 562 560 555 552 548 538 541 538 530 533 526 518 514 505 506 499 501 498 495 493 489 486 484 482 480 477 475 474 472 469 469 470 471 469 470 466 461 457 456 456 455 453 448 446 443 441 440 443 449 445 441 439 434 433 429 428 428 426 428 428 427 427
-1.7e+308 -1.7e+308 -1.7e+308 -1.7e+308 -1.7e+308 561 564 577 584 564 561 559 556 546 547 552 553 553 549 551 540 528 526 521 518 513 508 503 497 494 495 493 492 490 486 487 486 483 477 480 477 476 479 476 476 473 471 468 461 457 457 455 450 449 446 446 444 444 444 446 451 445 442 442 439 433 431 429 426 426 426 426 425 427
